PLACA:
	30 85
	635 85
	30 510
	635 510

GPIO:
	8 55
	274 55
	8 135
	274 135

CVBS:
	300 53
	406 53
	300 185
	406 185

JACK:
	434 51
	552 51
	434 151
	552 171

LED:
	530 49
	659 49
	530 155
	659 155

DSI:
	70 195
	136 195
	70 379
	136 379

CPUGPU:
	248 231
	370 231
	248 365
	370 365

EthernetController:
	448 211
	540 211
	448 319
	540 319

USB:
	558 205
	658 205
	558 345
	658 345

USBPower:
	-2 415
	70 415
	-2 509
	70 509

HDMI:
	274 429
	412 429
	274 539
	412 539

CSI:
	420 335
	472 335
	420 539
	472 539

EthernetRJ45:
	494 369
	664 369
	494 535
	664 535

